99.242
93.270
49.479
71.902
25.836
48.245
97.937
31.924
23.117
80.505
53.113
99.299
71.570
1.333
89.452
47.293
21.479
3.307
44.292
75.296
4.584
71.409
64.293
37.012
19.903
64.612
88.761
89.045
77.176
79.567
33.062
76.418
72.836
82.541
48.320
98.672
30.786
46.257
30.596
53.903
26.762
83.709
53.202
98.332
85.042
42.654
45.625
6.522
45.961
89.917
81.818
50.545
61.326
46.111
87.558
81.229
10.722
76.318
70.274
87.898
55.885
3.336
64.316
28.721
85.877
12.636
27.394
16.663
58.893
57.989
70.566
85.655
41.699
23.768
83.987
26.741
66.422
29.611
33.262
12.383
19.528
15.080
62.928
80.854
61.191
50.486
62.083
71.913
26.804
32.356
59.811
82.689
35.692
24.127
11.411
21.569
36.763
38.804
38.232
95.655
