32.043
58.458
85.207
77.486
36.898
42.912
38.681
67.838
49.197
37.079
70.808
66.691
3.902
56.306
60.557
46.143
52.139
29.907
10.049
36.183
46.291
35.868
8.057
34.244
64.949
96.796
34.768
68.691
99.144
19.836
93.366
31.186
78.295
78.573
8.672
15.193
21.485
47.353
83.031
70.682
84.432
53.839
37.373
88.334
10.144
97.930
34.477
62.284
27.837
44.526
98.467
74.128
80.393
6.523
8.372
45.342
3.319
43.140
14.034
2.463
62.977
7.400
33.650
41.272
85.973
42.322
56.464
7.458
89.675
39.495
78.140
74.107
93.334
15.512
62.441
3.478
13.442
96.918
65.761
41.279
41.443
64.228
15.408
21.836
70.751
23.780
67.179
74.071
66.920
81.212
76.534
29.897
88.612
10.184
71.168
74.585
52.506
27.632
82.042
42.181
